FedUPS: 233.69047619
PostNHL: 233.333333333
