FedUPS: 18.2727272727
PostNHL: 25.5454545455
